T  T 
739  
        0.000000 13088.480000 11262.200000 3667.800000 1327.600000 104.000000  
        6824.000000 13088.470000 11262.200000 3667.790000 1327.600000 104.000000  
        13648.000000 13088.440000 11262.180000 3667.780000 1327.600000 104.000000  
        20472.000000 13088.390000 11262.140000 3667.750000 1327.600000 104.000000  
        27296.000000 13088.320000 11262.090000 3667.720000 1327.600000 104.000000  
        34120.000000 13088.220000 11262.020000 3667.670000 1327.600000 104.000000  
        40944.000000 13088.110000 11261.940000 3667.620000 1327.600000 104.000000  
        47768.000000 13087.980000 11261.850000 3667.550000 1327.600000 104.000000  
        54592.000000 13087.830000 11261.740000 3667.470000 1327.600000 104.000000  
        61416.000000 13087.660000 11261.610000 3667.390000 1327.600000 104.000000  
        68240.000000 13087.460000 11261.470000 3667.290000 1327.600000 104.000000  
        75064.000000 13087.250000 11261.320000 3667.180000 1327.600000 104.000000  
        81888.000000 13087.020000 11261.150000 3667.060000 1327.600000 104.000000  
        88712.000000 13086.760000 11260.970000 3666.940000 1327.600000 104.000000  
        95536.000000 13086.490000 11260.770000 3666.800000 1327.600000 104.000000  
        102360.000000 13086.200000 11260.560000 3666.650000 1327.600000 104.000000  
        109184.000000 13085.880000 11260.340000 3666.490000 1327.600000 104.000000  
        116007.000000 13085.550000 11260.090000 3666.320000 1327.600000 104.000000  
        122831.000000 13085.190000 11259.840000 3666.150000 1327.600000 104.000000  
        129655.000000 13084.820000 11259.570000 3665.960000 1327.600000 104.000000  
        136479.000000 13084.420000 11259.280000 3665.760000 1327.600000 104.000000  
        143303.000000 13084.010000 11258.990000 3665.550000 1327.600000 104.000000  
        150127.000000 13083.570000 11258.670000 3665.330000 1327.600000 104.000000  
        156951.000000 13083.110000 11258.340000 3665.100000 1327.600000 104.000000  
        163775.000000 13082.640000 11258.000000 3664.860000 1327.600000 104.000000  
        170599.000000 13082.140000 11257.640000 3664.610000 1327.600000 104.000000  
        177423.000000 13081.620000 11257.270000 3664.350000 1327.600000 104.000000  
        184247.000000 13081.090000 11256.880000 3664.080000 1327.600000 104.000000  
        191071.000000 13080.530000 11256.480000 3663.800000 1327.600000 104.000000  
        197895.000000 13079.950000 11256.060000 3663.510000 1327.600000 104.000000  
        204719.000000 13079.350000 11255.630000 3663.210000 1327.600000 104.000000  
        211543.000000 13078.730000 11255.190000 3662.900000 1327.600000 104.000000  
        218367.000000 13078.090000 11254.730000 3662.570000 1327.600000 104.000000  
        225191.000000 13077.440000 11254.250000 3662.240000 1327.600000 104.000000  
        232015.000000 13076.760000 11253.760000 3661.900000 1327.600000 104.000000  
        238839.000000 13076.060000 11253.260000 3661.550000 1327.600000 104.000000  
        245663.000000 13075.340000 11252.740000 3661.190000 1327.600000 104.000000  
        252487.000000 13074.600000 11252.210000 3660.810000 1327.600000 104.000000  
        259311.000000 13073.840000 11251.660000 3660.430000 1327.600000 104.000000  
        266135.000000 13073.060000 11251.100000 3660.040000 1327.600000 104.000000  
        272959.000000 13072.250000 11250.520000 3659.640000 1327.600000 104.000000  
        279783.000000 13071.430000 11249.930000 3659.220000 1327.600000 104.000000  
        286607.000000 13070.590000 11249.330000 3658.800000 1327.600000 104.000000  
        293431.000000 13069.730000 11248.710000 3658.360000 1327.600000 104.000000  
        300255.000000 13068.850000 11248.070000 3657.920000 1327.600000 104.000000  
        307079.000000 13067.950000 11247.420000 3657.470000 1327.600000 104.000000  
        313903.000000 13067.020000 11246.760000 3657.000000 1327.600000 104.000000  
        320727.000000 13066.080000 11246.080000 3656.530000 1327.600000 104.000000  
        327551.000000 13065.120000 11245.380000 3656.040000 1327.600000 104.000000  
        334375.000000 13064.130000 11244.670000 3655.550000 1327.600000 104.000000  
        341199.000000 13063.130000 11243.950000 3655.040000 1327.600000 104.000000  
        348022.000000 13062.100000 11243.210000 3654.530000 1327.600000 104.000000  
        354846.000000 13061.060000 11242.460000 3654.000000 1327.600000 104.000000  
        361670.000000 13060.000000 11241.700000 3653.470000 1327.600000 104.000000  
        368494.000000 13058.910000 11240.910000 3652.920000 1327.600000 104.000000  
        375318.000000 13057.810000 11240.120000 3652.360000 1327.600000 104.000000  
        382142.000000 13056.680000 11239.310000 3651.800000 1327.600000 104.000000  
        388966.000000 13055.530000 11238.480000 3651.220000 1327.600000 104.000000  
        395790.000000 13054.370000 11237.640000 3650.630000 1327.600000 104.000000  
        402614.000000 13053.180000 11236.790000 3650.040000 1327.600000 104.000000  
        409438.000000 13051.980000 11235.920000 3649.430000 1327.600000 104.000000  
        416262.000000 13050.750000 11235.040000 3648.810000 1327.600000 104.000000  
        423086.000000 13049.500000 11234.140000 3648.190000 1327.600000 104.000000  
        429910.000000 13048.230000 11233.230000 3647.550000 1327.600000 104.000000  
        436734.000000 13046.950000 11232.300000 3646.900000 1327.600000 104.000000  
        443558.000000 13045.640000 11231.360000 3646.240000 1327.600000 104.000000  
        450382.000000 13044.310000 11230.400000 3645.570000 1327.600000 104.000000  
        457206.000000 13042.960000 11229.430000 3644.890000 1327.600000 104.000000  
        464030.000000 13041.590000 11228.440000 3644.210000 1327.600000 104.000000  
        470854.000000 13040.200000 11227.440000 3643.510000 1327.600000 104.000000  
        477678.000000 13038.790000 11226.430000 3642.800000 1327.600000 104.000000  
        484502.000000 13037.360000 11225.400000 3642.080000 1327.600000 104.000000  
        491326.000000 13035.910000 11224.360000 3641.350000 1327.600000 104.000000  
        498150.000000 13034.440000 11223.300000 3640.610000 1327.600000 104.000000  
        504974.000000 13032.950000 11222.220000 3639.860000 1327.600000 104.000000  
        511798.000000 13031.440000 11221.140000 3639.100000 1327.600000 104.000000  
        518622.000000 13029.910000 11220.030000 3638.330000 1327.600000 104.000000  
        525446.000000 13028.360000 11218.920000 3637.550000 1327.600000 104.000000  
        532270.000000 13026.790000 11217.780000 3636.760000 1327.600000 104.000000  
        539094.000000 13025.200000 11216.640000 3635.960000 1327.600000 104.000000  
        545918.000000 13023.580000 11215.480000 3635.140000 1327.600000 104.000000  
        552742.000000 13021.950000 11214.300000 3634.320000 1327.600000 104.000000  
        559566.000000 13020.300000 11213.110000 3633.490000 1327.600000 104.000000  
        566390.000000 13018.630000 11211.910000 3632.650000 1327.600000 104.000000  
        573214.000000 13016.930000 11210.690000 3631.800000 1327.600000 104.000000  
        580037.000000 13015.220000 11209.450000 3630.930000 1327.600000 104.000000  
        586861.000000 13013.490000 11208.210000 3630.060000 1327.600000 104.000000  
        593685.000000 13011.730000 11206.940000 3629.180000 1327.600000 104.000000  
        600509.000000 13009.960000 11205.670000 3628.290000 1327.600000 104.000000  
        607333.000000 13008.160000 11204.370000 3627.380000 1327.600000 104.000000  
        614157.000000 13006.350000 11203.070000 3626.470000 1327.600000 104.000000  
        620981.000000 13004.510000 11201.740000 3625.550000 1327.600000 104.000000  
        627805.000000 13002.660000 11200.410000 3624.610000 1327.600000 104.000000  
        634629.000000 13000.780000 11199.060000 3623.670000 1327.600000 104.000000  
        641453.000000 12998.880000 11197.690000 3622.710000 1327.600000 104.000000  
        648277.000000 12996.970000 11196.310000 3621.750000 1327.600000 104.000000  
        655101.000000 12995.030000 11194.920000 3620.780000 1327.600000 104.000000  
        661925.000000 12993.070000 11193.510000 3619.790000 1327.600000 104.000000  
        668749.000000 12991.100000 11192.090000 3618.800000 1327.600000 104.000000  
        675573.000000 12989.100000 11190.650000 3617.790000 1327.600000 104.000000  
        682397.000000 12987.080000 11189.190000 3616.780000 1327.600000 104.000000  
        689221.000000 12985.040000 11187.730000 3615.750000 1327.600000 104.000000  
        696045.000000 12982.990000 11186.240000 3614.710000 1327.600000 104.000000  
        702869.000000 12980.910000 11184.750000 3613.670000 1327.600000 104.000000  
        709693.000000 12978.810000 11183.240000 3612.610000 1327.600000 104.000000  
        716517.000000 12976.690000 11181.710000 3611.550000 1327.600000 104.000000  
        723341.000000 12974.550000 11180.170000 3610.470000 1327.600000 104.000000  
        730165.000000 12972.390000 11178.610000 3609.380000 1327.600000 104.000000  
        736989.000000 12970.210000 11177.040000 3608.280000 1327.600000 104.000000  
        743813.000000 12968.010000 11175.460000 3607.180000 1327.600000 104.000000  
        750637.000000 12965.790000 11173.860000 3606.060000 1327.600000 104.000000  
        757461.000000 12963.550000 11172.250000 3604.930000 1327.600000 104.000000  
        764285.000000 12961.290000 11170.620000 3603.790000 1327.600000 104.000000  
        771109.000000 12959.010000 11168.980000 3602.650000 1327.600000 104.000000  
        777933.000000 12956.700000 11167.320000 3601.490000 1327.600000 104.000000  
        784757.000000 12954.380000 11165.650000 3600.320000 1327.600000 104.000000  
        791581.000000 12952.040000 11163.960000 3599.140000 1327.600000 104.000000  
        798405.000000 12949.680000 11162.260000 3597.950000 1327.600000 104.000000  
        805229.000000 12947.290000 11160.540000 3596.750000 1327.600000 104.000000  
        812052.000000 12944.890000 11158.810000 3595.540000 1327.600000 104.000000  
        818876.000000 12942.470000 11157.070000 3594.320000 1327.600000 104.000000  
        825700.000000 12940.020000 11155.310000 3593.100000 1327.600000 104.000000  
        832524.000000 12937.560000 11153.540000 3591.860000 1327.600000 104.000000  
        839348.000000 12935.080000 11151.750000 3590.610000 1327.600000 104.000000  
        846172.000000 12932.570000 11149.940000 3589.340000 1327.600000 104.000000  
        852996.000000 12930.050000 11148.130000 3588.070000 1327.600000 104.000000  
        859820.000000 12927.500000 11146.290000 3586.790000 1327.600000 104.000000  
        866644.000000 12924.940000 11144.450000 3585.500000 1327.600000 104.000000  
        873468.000000 12922.350000 11142.580000 3584.200000 1327.600000 104.000000  
        880292.000000 12919.750000 11140.710000 3582.890000 1327.600000 104.000000  
        887116.000000 12917.120000 11138.820000 3581.570000 1327.600000 104.000000  
        893940.000000 12914.470000 11136.910000 3580.240000 1327.600000 104.000000  
        900764.000000 12911.810000 11134.990000 3578.900000 1327.600000 104.000000  
        907588.000000 12909.120000 11133.060000 3577.540000 1327.600000 104.000000  
        914412.000000 12906.410000 11131.110000 3576.180000 1327.600000 104.000000  
        921236.000000 12903.680000 11129.140000 3574.810000 1327.600000 104.000000  
        928060.000000 12900.940000 11127.160000 3573.430000 1327.600000 104.000000  
        934884.000000 12898.170000 11125.170000 3572.030000 1327.600000 104.000000  
        941708.000000 12895.380000 11123.160000 3570.630000 1327.600000 104.000000  
        948532.000000 12892.570000 11121.140000 3569.220000 1327.600000 104.000000  
        955356.000000 12889.740000 11119.100000 3567.790000 1327.600000 104.000000  
        962180.000000 12886.890000 11117.050000 3566.360000 1327.600000 104.000000  
        969004.000000 12884.020000 11114.990000 3564.910000 1327.600000 104.000000  
        975828.000000 12881.130000 11112.900000 3563.460000 1327.600000 104.000000  
        982652.000000 12878.220000 11110.810000 3562.000000 1327.600000 104.000000  
        989476.000000 12875.290000 11108.700000 3560.520000 1327.600000 104.000000  
        996300.000000 12872.340000 11106.570000 3559.040000 1327.600000 104.000000  
        1003124.000000 12869.370000 11104.440000 3557.540000 1327.600000 104.000000  
        1009948.000000 12866.380000 11102.280000 3556.040000 1327.600000 104.000000  
        1016772.000000 12863.370000 11100.110000 3554.520000 1327.600000 104.000000  
        1023596.000000 12860.340000 11097.930000 3553.000000 1327.600000 104.000000  
        1030420.000000 12857.290000 11095.730000 3551.460000 1327.600000 104.000000  
        1037244.000000 12854.210000 11093.520000 3549.910000 1327.600000 104.000000  
        1044067.000000 12851.120000 11091.290000 3548.360000 1327.600000 104.000000  
        1050891.000000 12848.010000 11089.050000 3546.790000 1327.600000 104.000000  
        1057715.000000 12844.880000 11086.800000 3545.210000 1327.600000 104.000000  
        1064539.000000 12841.720000 11084.530000 3543.630000 1327.600000 104.000000  
        1071363.000000 12838.550000 11082.240000 3542.030000 1327.600000 104.000000  
        1078187.000000 12835.350000 11079.940000 3540.420000 1327.600000 104.000000  
        1085011.000000 12832.140000 11077.630000 3538.810000 1327.600000 104.000000  
        1091835.000000 12828.910000 11075.300000 3537.180000 1327.600000 104.000000  
        1098659.000000 12825.650000 11072.950000 3535.540000 1327.600000 104.000000  
        1105483.000000 12822.380000 11070.590000 3533.890000 1327.600000 104.000000  
        1112307.000000 12819.080000 11068.220000 3532.230000 1327.600000 104.000000  
        1119131.000000 12815.760000 11065.830000 3530.570000 1327.600000 104.000000  
        1125955.000000 12812.430000 11063.430000 3528.890000 1327.600000 104.000000  
        1132779.000000 12809.070000 11061.020000 3527.200000 1327.600000 104.000000  
        1139603.000000 12805.700000 11058.580000 3525.500000 1327.600000 104.000000  
        1146427.000000 12802.300000 11056.140000 3523.790000 1327.600000 104.000000  
        1153251.000000 12798.880000 11053.680000 3522.070000 1327.600000 104.000000  
        1160075.000000 12795.440000 11051.200000 3520.340000 1327.600000 104.000000  
        1166899.000000 12791.990000 11048.710000 3518.600000 1327.600000 104.000000  
        1173723.000000 12788.510000 11046.210000 3516.850000 1327.600000 104.000000  
        1180547.000000 12785.010000 11043.690000 3515.090000 1327.600000 104.000000  
        1187371.000000 12781.490000 11041.160000 3513.320000 1327.600000 104.000000  
        1194195.000000 12777.950000 11038.610000 3511.540000 1327.600000 104.000000  
        1201019.000000 12774.400000 11036.050000 3509.750000 1327.600000 104.000000  
        1207843.000000 12770.820000 11033.470000 3507.950000 1327.600000 104.000000  
        1214667.000000 12767.220000 11030.880000 3506.130000 1327.600000 104.000000  
        1221491.000000 12763.600000 11028.270000 3504.310000 1327.600000 104.000000  
        1221491.000000 12166.350000 10355.690000 0.000000 57822.500000 0.000000  
        1234250.000000 12159.770000 10348.280000 0.000000 57822.500000 0.000000  
        1247010.000000 12153.140000 10340.850000 0.000000 57822.500000 0.000000  
        1259770.000000 12146.450000 10333.390000 0.000000 57822.500000 0.000000  
        1272530.000000 12139.710000 10325.910000 0.000000 57822.500000 0.000000  
        1285289.000000 12132.910000 10318.400000 0.000000 57822.500000 0.000000  
        1298049.000000 12126.050000 10310.870000 0.000000 57822.500000 0.000000  
        1310809.000000 12119.140000 10303.300000 0.000000 57822.500000 0.000000  
        1323568.000000 12112.180000 10295.710000 0.000000 57822.500000 0.000000  
        1336328.000000 12105.150000 10288.090000 0.000000 57822.500000 0.000000  
        1349088.000000 12098.070000 10280.440000 0.000000 57822.500000 0.000000  
        1361847.000000 12090.930000 10272.760000 0.000000 57822.500000 0.000000  
        1374607.000000 12083.730000 10265.040000 0.000000 57822.500000 0.000000  
        1387367.000000 12076.480000 10257.300000 0.000000 57822.500000 0.000000  
        1400127.000000 12069.170000 10249.520000 0.000000 57822.500000 0.000000  
        1412886.000000 12061.800000 10241.710000 0.000000 57822.500000 0.000000  
        1425646.000000 12054.370000 10233.860000 0.000000 57822.500000 0.000000  
        1438406.000000 12046.880000 10225.980000 0.000000 57822.500000 0.000000  
        1451165.000000 12039.330000 10218.060000 0.000000 57822.500000 0.000000  
        1463925.000000 12031.720000 10210.110000 0.000000 57822.500000 0.000000  
        1476685.000000 12024.050000 10202.120000 0.000000 57822.500000 0.000000  
        1489444.000000 12016.330000 10194.100000 0.000000 57822.500000 0.000000  
        1502204.000000 12008.540000 10186.040000 0.000000 57822.500000 0.000000  
        1514964.000000 12000.690000 10177.940000 0.000000 57822.500000 0.000000  
        1527724.000000 11992.780000 10169.790000 0.000000 57822.500000 0.000000  
        1540483.000000 11984.810000 10161.610000 0.000000 57822.500000 0.000000  
        1553243.000000 11976.780000 10153.390000 0.000000 57822.500000 0.000000  
        1566003.000000 11968.680000 10145.130000 0.000000 57822.500000 0.000000  
        1578762.000000 11960.530000 10136.830000 0.000000 57822.500000 0.000000  
        1591522.000000 11952.310000 10128.480000 0.000000 57822.500000 0.000000  
        1604282.000000 11944.030000 10120.090000 0.000000 57822.500000 0.000000  
        1617041.000000 11935.690000 10111.660000 0.000000 57822.500000 0.000000  
        1629801.000000 11927.280000 10103.180000 0.000000 57822.500000 0.000000  
        1642561.000000 11918.810000 10094.660000 0.000000 57822.500000 0.000000  
        1655321.000000 11910.280000 10086.090000 0.000000 57822.500000 0.000000  
        1668080.000000 11901.680000 10077.480000 0.000000 57822.500000 0.000000  
        1680840.000000 11893.020000 10068.820000 0.000000 57822.500000 0.000000  
        1693600.000000 11884.300000 10060.110000 0.000000 57822.500000 0.000000  
        1706359.000000 11875.510000 10051.350000 0.000000 57822.500000 0.000000  
        1719119.000000 11866.660000 10042.540000 0.000000 57822.500000 0.000000  
        1731879.000000 11857.740000 10033.690000 0.000000 57822.500000 0.000000  
        1744638.000000 11848.750000 10024.780000 0.000000 57822.500000 0.000000  
        1757398.000000 11839.700000 10015.820000 0.000000 57822.500000 0.000000  
        1770158.000000 11830.580000 10006.820000 0.000000 57822.500000 0.000000  
        1782918.000000 11821.400000 9997.750000 0.000000 57822.500000 0.000000  
        1795677.000000 11812.150000 9988.640000 0.000000 57822.500000 0.000000  
        1808437.000000 11802.840000 9979.470000 0.000000 57822.500000 0.000000  
        1821197.000000 11793.450000 9970.250000 0.000000 57822.500000 0.000000  
        1833956.000000 11784.010000 9960.970000 0.000000 57822.500000 0.000000  
        1846716.000000 11774.490000 9951.640000 0.000000 57822.500000 0.000000  
        1859476.000000 11764.900000 9942.250000 0.000000 57822.500000 0.000000  
        1872235.000000 11755.250000 9932.810000 0.000000 57822.500000 0.000000  
        1884995.000000 11745.530000 9923.310000 0.000000 57822.500000 0.000000  
        1897755.000000 11735.740000 9913.750000 0.000000 57822.500000 0.000000  
        1910515.000000 11725.880000 9904.130000 0.000000 57822.500000 0.000000  
        1923274.000000 11715.950000 9894.450000 0.000000 57822.500000 0.000000  
        1936034.000000 11705.950000 9884.710000 0.000000 57822.500000 0.000000  
        1948794.000000 11695.890000 9874.910000 0.000000 57822.500000 0.000000  
        1961553.000000 11685.750000 9865.050000 0.000000 57822.500000 0.000000  
        1974313.000000 11675.540000 9855.130000 0.000000 57822.500000 0.000000  
        1987073.000000 11665.260000 9845.140000 0.000000 57822.500000 0.000000  
        1999832.000000 11654.920000 9835.090000 0.000000 57822.500000 0.000000  
        2012592.000000 11644.500000 9824.980000 0.000000 57822.500000 0.000000  
        2025352.000000 11634.010000 9814.800000 0.000000 57822.500000 0.000000  
        2038112.000000 11623.440000 9804.560000 0.000000 57822.500000 0.000000  
        2050871.000000 11612.810000 9794.250000 0.000000 57822.500000 0.000000  
        2063631.000000 11602.100000 9783.870000 0.000000 57822.500000 0.000000  
        2076391.000000 11591.320000 9773.430000 0.000000 57822.500000 0.000000  
        2089150.000000 11580.470000 9762.920000 0.000000 57822.500000 0.000000  
        2101910.000000 11569.550000 9752.340000 0.000000 57822.500000 0.000000  
        2114670.000000 11558.550000 9741.690000 0.000000 57822.500000 0.000000  
        2127429.000000 11547.480000 9730.970000 0.000000 57822.500000 0.000000  
        2140189.000000 11536.340000 9720.180000 0.000000 57822.500000 0.000000  
        2152949.000000 11525.120000 9709.320000 0.000000 57822.500000 0.000000  
        2165709.000000 11513.830000 9698.390000 0.000000 57822.500000 0.000000  
        2178468.000000 11502.460000 9687.380000 0.000000 57822.500000 0.000000  
        2191228.000000 11491.020000 9676.310000 0.000000 57822.500000 0.000000  
        2203988.000000 11479.510000 9665.150000 0.000000 57822.500000 0.000000  
        2216747.000000 11467.910000 9653.930000 0.000000 57822.500000 0.000000  
        2229507.000000 11456.250000 9642.630000 0.000000 57822.500000 0.000000  
        2242267.000000 11444.500000 9631.250000 0.000000 57822.500000 0.000000  
        2255026.000000 11432.690000 9619.800000 0.000000 57822.500000 0.000000  
        2267786.000000 11420.790000 9608.270000 0.000000 57822.500000 0.000000  
        2280546.000000 11408.820000 9596.660000 0.000000 57822.500000 0.000000  
        2293306.000000 11396.770000 9584.970000 0.000000 57822.500000 0.000000  
        2306065.000000 11384.640000 9573.200000 0.000000 57822.500000 0.000000  
        2318825.000000 11372.440000 9561.360000 0.000000 57822.500000 0.000000  
        2331585.000000 11360.160000 9549.430000 0.000000 57822.500000 0.000000  
        2344344.000000 11347.800000 9537.430000 0.000000 57822.500000 0.000000  
        2357104.000000 11335.370000 9525.340000 0.000000 57822.500000 0.000000  
        2369864.000000 11322.850000 9513.170000 0.000000 57822.500000 0.000000  
        2382623.000000 11310.260000 9500.910000 0.000000 57822.500000 0.000000  
        2395383.000000 11297.580000 9488.570000 0.000000 57822.500000 0.000000  
        2408143.000000 11284.830000 9476.150000 0.000000 57822.500000 0.000000  
        2420903.000000 11272.000000 9463.640000 0.000000 57822.500000 0.000000  
        2433662.000000 11259.090000 9451.050000 0.000000 57822.500000 0.000000  
        2446422.000000 11246.100000 9438.370000 0.000000 57822.500000 0.000000  
        2459182.000000 11233.030000 9425.610000 0.000000 57822.500000 0.000000  
        2471941.000000 11219.870000 9412.750000 0.000000 57822.500000 0.000000  
        2484701.000000 11206.640000 9399.810000 0.000000 57822.500000 0.000000  
        2497461.000000 11193.330000 9386.780000 0.000000 57822.500000 0.000000  
        2510220.000000 11179.930000 9373.660000 0.000000 57822.500000 0.000000  
        2522980.000000 11166.450000 9360.450000 0.000000 57822.500000 0.000000  
        2535740.000000 11152.890000 9347.150000 0.000000 57822.500000 0.000000  
        2548500.000000 11139.250000 9333.760000 0.000000 57822.500000 0.000000  
        2561259.000000 11125.530000 9320.270000 0.000000 57822.500000 0.000000  
        2574019.000000 11111.720000 9306.700000 0.000000 57822.500000 0.000000  
        2586779.000000 11097.830000 9293.030000 0.000000 57822.500000 0.000000  
        2599538.000000 11083.860000 9279.260000 0.000000 57822.500000 0.000000  
        2612298.000000 11069.800000 9265.400000 0.000000 57822.500000 0.000000  
        2625058.000000 11055.660000 9251.450000 0.000000 57822.500000 0.000000  
        2637818.000000 11041.440000 9237.400000 0.000000 57822.500000 0.000000  
        2650577.000000 11027.130000 9223.250000 0.000000 57822.500000 0.000000  
        2663337.000000 11012.740000 9209.000000 0.000000 57822.500000 0.000000  
        2676097.000000 10998.260000 9194.660000 0.000000 57822.500000 0.000000  
        2688856.000000 10983.700000 9180.220000 0.000000 57822.500000 0.000000  
        2701616.000000 10969.050000 9165.680000 0.000000 57822.500000 0.000000  
        2714376.000000 10954.320000 9151.030000 0.000000 57822.500000 0.000000  
        2727135.000000 10939.500000 9136.290000 0.000000 57822.500000 0.000000  
        2739895.000000 10924.590000 9121.450000 0.000000 57822.500000 0.000000  
        2752655.000000 10909.600000 9106.500000 0.000000 57822.500000 0.000000  
        2765415.000000 10894.520000 9091.460000 0.000000 57822.500000 0.000000  
        2778174.000000 10879.350000 9076.300000 0.000000 57822.500000 0.000000  
        2790934.000000 10864.100000 9061.050000 0.000000 57822.500000 0.000000  
        2803694.000000 10848.760000 9045.690000 0.000000 57822.500000 0.000000  
        2816453.000000 10833.330000 9030.230000 0.000000 57822.500000 0.000000  
        2829213.000000 10817.810000 9014.650000 0.000000 57822.500000 0.000000  
        2841973.000000 10802.210000 8998.980000 0.000000 57822.500000 0.000000  
        2854732.000000 10786.510000 8983.190000 0.000000 57822.500000 0.000000  
        2867492.000000 10770.730000 8967.300000 0.000000 57822.500000 0.000000  
        2880252.000000 10754.860000 8951.300000 0.000000 57822.500000 0.000000  
        2893012.000000 10738.900000 8935.190000 0.000000 57822.500000 0.000000  
        2905771.000000 10722.850000 8918.970000 0.000000 57822.500000 0.000000  
        2918531.000000 10706.710000 8902.640000 0.000000 57822.500000 0.000000  
        2931291.000000 10690.480000 8886.200000 0.000000 57822.500000 0.000000  
        2944050.000000 10674.160000 8869.640000 0.000000 57822.500000 0.000000  
        2956810.000000 10657.750000 8852.980000 0.000000 57822.500000 0.000000  
        2969570.000000 10641.240000 8836.200000 0.000000 57822.500000 0.000000  
        2982329.000000 10624.650000 8819.310000 0.000000 57822.500000 0.000000  
        2995089.000000 10607.960000 8802.300000 0.000000 57822.500000 0.000000  
        3007849.000000 10591.190000 8785.180000 0.000000 57822.500000 0.000000  
        3020609.000000 10574.320000 8767.940000 0.000000 57822.500000 0.000000  
        3033368.000000 10557.360000 8750.590000 0.000000 57822.500000 0.000000  
        3046128.000000 10540.300000 8733.120000 0.000000 57822.500000 0.000000  
        3058888.000000 10523.160000 8715.530000 0.000000 57822.500000 0.000000  
        3071647.000000 10505.920000 8697.820000 0.000000 57822.500000 0.000000  
        3084407.000000 10488.580000 8680.000000 0.000000 57822.500000 0.000000  
        3097167.000000 10471.150000 8662.050000 0.000000 57822.500000 0.000000  
        3109926.000000 10453.630000 8643.990000 0.000000 57822.500000 0.000000  
        3122686.000000 10436.020000 8625.800000 0.000000 57822.500000 0.000000  
        3135446.000000 10418.310000 8607.490000 0.000000 57822.500000 0.000000  
        3148206.000000 10400.510000 8589.060000 0.000000 57822.500000 0.000000  
        3160965.000000 10382.610000 8570.510000 0.000000 57822.500000 0.000000  
        3173725.000000 10364.610000 8551.830000 0.000000 57822.500000 0.000000  
        3186485.000000 10346.520000 8533.030000 0.000000 57822.500000 0.000000  
        3199244.000000 10328.340000 8514.100000 0.000000 57822.500000 0.000000  
        3212004.000000 10310.050000 8495.050000 0.000000 57822.500000 0.000000  
        3224764.000000 10291.680000 8475.870000 0.000000 57822.500000 0.000000  
        3237523.000000 10273.200000 8456.570000 0.000000 57822.500000 0.000000  
        3250283.000000 10254.630000 8437.140000 0.000000 57822.500000 0.000000  
        3263043.000000 10235.960000 8417.580000 0.000000 57822.500000 0.000000  
        3275803.000000 10217.200000 8397.890000 0.000000 57822.500000 0.000000  
        3288562.000000 10198.330000 8378.070000 0.000000 57822.500000 0.000000  
        3301322.000000 10179.370000 8358.120000 0.000000 57822.500000 0.000000  
        3314082.000000 10160.310000 8338.040000 0.000000 57822.500000 0.000000  
        3326841.000000 10141.150000 8317.830000 0.000000 57822.500000 0.000000  
        3339601.000000 10121.900000 8297.490000 0.000000 57822.500000 0.000000  
        3352361.000000 10102.540000 8277.010000 0.000000 57822.500000 0.000000  
        3365120.000000 10083.090000 8256.410000 0.000000 57822.500000 0.000000  
        3377880.000000 10063.530000 8235.660000 0.000000 57822.500000 0.000000  
        3390640.000000 10043.880000 8214.790000 0.000000 57822.500000 0.000000  
        3403400.000000 10024.120000 8193.770000 0.000000 57822.500000 0.000000  
        3416159.000000 10004.270000 8172.620000 0.000000 57822.500000 0.000000  
        3428919.000000 9984.320000 8151.340000 0.000000 57822.500000 0.000000  
        3441679.000000 9964.260000 8129.920000 0.000000 57822.500000 0.000000  
        3454438.000000 9944.100000 8108.360000 0.000000 57822.500000 0.000000  
        3467198.000000 9923.840000 8086.660000 0.000000 57822.500000 0.000000  
        3479958.000000 9903.480000 8064.820000 0.000000 57822.500000 0.000000  
        3479958.000000 5566.450000 12344.940000 5811.728000 57822.500000 355.000000  
        3489330.000000 5561.750000 12342.861000 5811.800000 57822.500000 355.000000  
        3489335.000000 5557.050000 13712.000000 7264.850000 57822.500000 355.000000  
        3508091.000000 5552.360000 13709.700000 7264.940000 57822.500000 355.000000  
        3517468.000000 5547.660000 13707.420000 7265.030000 57822.500000 355.000000  
        3526846.000000 5542.970000 13705.140000 7265.120000 57822.500000 355.000000  
        3536224.000000 5538.280000 13702.860000 7265.210000 57822.500000 355.000000  
        3545601.000000 5533.590000 13700.590000 7265.290000 57822.500000 355.000000  
        3554979.000000 5528.900000 13698.330000 7265.380000 57822.500000 355.000000  
        3564357.000000 5524.210000 13696.070000 7265.460000 57822.500000 355.000000  
        3573734.000000 5519.530000 13693.820000 7265.540000 57822.500000 355.000000  
        3583112.000000 5514.850000 13691.570000 7265.620000 57822.500000 355.000000  
        3592489.000000 5510.160000 13689.330000 7265.690000 57822.500000 355.000000  
        3601867.000000 5505.480000 13687.090000 7265.760000 57822.500000 355.000000  
        3611245.000000 5500.810000 13684.860000 7265.840000 57822.500000 355.000000  
        3620622.000000 5496.130000 13682.630000 7265.910000 57822.500000 355.000000  
        3630000.000000 5491.450000 13680.410000 7265.970000 57822.500000 355.000000  
        3630000.000000 5491.450000 13680.410000 7265.970000 57822.500000 355.000000  
        3639471.000000 5486.730000 13668.900000 7261.630000 57822.500000 355.000000  
        3648942.000000 5482.010000 13657.430000 7257.290000 57822.500000 355.000000  
        3658413.000000 5477.290000 13645.970000 7252.970000 57822.500000 355.000000  
        3667885.000000 5472.570000 13634.540000 7248.640000 57822.500000 355.000000  
        3677356.000000 5467.850000 13623.140000 7244.330000 57822.500000 355.000000  
        3686827.000000 5463.130000 13611.760000 7240.010000 57822.500000 355.000000  
        3696298.000000 5458.420000 13600.400000 7235.710000 57822.500000 355.000000  
        3705769.000000 5453.700000 13589.070000 7231.410000 57822.500000 355.000000  
        3715240.000000 5448.990000 13577.760000 7227.120000 57822.500000 355.000000  
        3724712.000000 5444.270000 13566.470000 7222.830000 57822.500000 355.000000  
        3734183.000000 5439.560000 13555.200000 7218.550000 57822.500000 355.000000  
        3743654.000000 5434.850000 13543.950000 7214.270000 57822.500000 355.000000  
        3753125.000000 5430.130000 13532.720000 7210.000000 57822.500000 355.000000  
        3762596.000000 5425.420000 13521.510000 7205.730000 57822.500000 355.000000  
        3772067.000000 5420.710000 13510.320000 7201.470000 57822.500000 355.000000  
        3781538.000000 5416.000000 13499.140000 7197.210000 57822.500000 355.000000  
        3791010.000000 5411.290000 13487.990000 7192.950000 57822.500000 355.000000  
        3800481.000000 5406.570000 13476.850000 7188.700000 57822.500000 355.000000  
        3809952.000000 5401.860000 13465.730000 7184.450000 57822.500000 355.000000  
        3819423.000000 5397.150000 13454.630000 7180.210000 57822.500000 355.000000  
        3828894.000000 5392.440000 13443.540000 7175.970000 57822.500000 355.000000  
        3838365.000000 5387.730000 13432.460000 7171.730000 57822.500000 355.000000  
        3847837.000000 5383.020000 13421.410000 7167.500000 57822.500000 355.000000  
        3857308.000000 5378.300000 13410.360000 7163.270000 57822.500000 355.000000  
        3866779.000000 5373.590000 13399.330000 7159.040000 57822.500000 355.000000  
        3876250.000000 5368.880000 13388.310000 7154.810000 57822.500000 355.000000  
        3885721.000000 5364.170000 13377.310000 7150.590000 57822.500000 355.000000  
        3895192.000000 5359.450000 13366.310000 7146.370000 57822.500000 355.000000  
        3904663.000000 5354.740000 13355.330000 7142.150000 57822.500000 355.000000  
        3914135.000000 5350.020000 13344.360000 7137.930000 57822.500000 355.000000  
        3923606.000000 5345.310000 13333.400000 7133.710000 57822.500000 355.000000  
        3933077.000000 5340.590000 13322.450000 7129.500000 57822.500000 355.000000  
        3942548.000000 5335.870000 13311.510000 7125.290000 57822.500000 355.000000  
        3952019.000000 5331.160000 13300.580000 7121.070000 57822.500000 355.000000  
        3961490.000000 5326.440000 13289.660000 7116.860000 57822.500000 355.000000  
        3970962.000000 5321.720000 13278.740000 7112.650000 57822.500000 355.000000  
        3980433.000000 5317.000000 13267.840000 7108.440000 57822.500000 355.000000  
        3989904.000000 5312.280000 13256.930000 7104.230000 57822.500000 355.000000  
        3999375.000000 5307.550000 13246.040000 7100.020000 57822.500000 355.000000  
        4008846.000000 5302.830000 13235.150000 7095.810000 57822.500000 355.000000  
        4018317.000000 5298.100000 13224.270000 7091.600000 57822.500000 355.000000  
        4027788.000000 5293.380000 13213.390000 7087.390000 57822.500000 355.000000  
        4037260.000000 5288.650000 13202.510000 7083.180000 57822.500000 355.000000  
        4046731.000000 5283.920000 13191.640000 7078.960000 57822.500000 355.000000  
        4056202.000000 5279.190000 13180.780000 7074.750000 57822.500000 355.000000  
        4065673.000000 5274.450000 13169.910000 7070.540000 57822.500000 355.000000  
        4075144.000000 5269.720000 13159.050000 7066.320000 57822.500000 355.000000  
        4084615.000000 5264.980000 13148.190000 7062.100000 57822.500000 355.000000  
        4094087.000000 5260.250000 13137.330000 7057.880000 57822.500000 355.000000  
        4103558.000000 5255.510000 13126.470000 7053.660000 57822.500000 355.000000  
        4113029.000000 5250.770000 13115.610000 7049.440000 57822.500000 355.000000  
        4122500.000000 5246.020000 13104.750000 7045.220000 57822.500000 355.000000  
        4131971.000000 5241.280000 13093.890000 7040.990000 57822.500000 355.000000  
        4141442.000000 5236.530000 13083.020000 7036.760000 57822.500000 355.000000  
        4150913.000000 5231.780000 13072.160000 7032.520000 57822.500000 355.000000  
        4160385.000000 5227.030000 13061.290000 7028.290000 57822.500000 355.000000  
        4169856.000000 5222.270000 13050.420000 7024.050000 57822.500000 355.000000  
        4179327.000000 5217.520000 13039.550000 7019.810000 57822.500000 355.000000  
        4188798.000000 5212.760000 13028.670000 7015.560000 57822.500000 355.000000  
        4198269.000000 5208.000000 13017.780000 7011.310000 57822.500000 355.000000  
        4207740.000000 5203.230000 13006.900000 7007.060000 57822.500000 355.000000  
        4217212.000000 5198.470000 12996.000000 7002.800000 57822.500000 355.000000  
        4226683.000000 5193.700000 12985.100000 6998.540000 57822.500000 355.000000  
        4236154.000000 5188.930000 12974.190000 6994.270000 57822.500000 355.000000  
        4245625.000000 5184.150000 12963.280000 6990.000000 57822.500000 355.000000  
        4255096.000000 5179.380000 12952.360000 6985.720000 57822.500000 355.000000  
        4264567.000000 5174.600000 12941.420000 6981.440000 57822.500000 355.000000  
        4274038.000000 5169.820000 12930.480000 6977.150000 57822.500000 355.000000  
        4283510.000000 5165.030000 12919.540000 6972.860000 57822.500000 355.000000  
        4292981.000000 5160.240000 12908.580000 6968.570000 57822.500000 355.000000  
        4302452.000000 5155.450000 12897.610000 6964.260000 57822.500000 355.000000  
        4311923.000000 5150.650000 12886.630000 6959.950000 57822.500000 355.000000  
        4321394.000000 5145.860000 12875.630000 6955.640000 57822.500000 355.000000  
        4330865.000000 5141.060000 12864.630000 6951.320000 57822.500000 355.000000  
        4340337.000000 5136.250000 12853.610000 6946.990000 57822.500000 355.000000  
        4349808.000000 5131.440000 12842.580000 6942.660000 57822.500000 355.000000  
        4359279.000000 5126.630000 12831.540000 6938.310000 57822.500000 355.000000  
        4368750.000000 5121.820000 12820.480000 6933.970000 57822.500000 355.000000  
        4378221.000000 5117.000000 12809.410000 6929.610000 57822.500000 355.000000  
        4387692.000000 5112.180000 12798.320000 6925.250000 57822.500000 355.000000  
        4397163.000000 5107.350000 12787.220000 6920.880000 57822.500000 355.000000  
        4406635.000000 5102.520000 12776.100000 6916.500000 57822.500000 355.000000  
        4416106.000000 5097.690000 12764.960000 6912.110000 57822.500000 355.000000  
        4425577.000000 5092.850000 12753.810000 6907.720000 57822.500000 355.000000  
        4435048.000000 5088.010000 12742.630000 6903.320000 57822.500000 355.000000  
        4444519.000000 5083.160000 12731.440000 6898.910000 57822.500000 355.000000  
        4453990.000000 5078.310000 12720.240000 6894.490000 57822.500000 355.000000  
        4463462.000000 5073.460000 12709.010000 6890.060000 57822.500000 355.000000  
        4472933.000000 5068.600000 12697.760000 6885.620000 57822.500000 355.000000  
        4482404.000000 5063.740000 12686.490000 6881.170000 57822.500000 355.000000  
        4491875.000000 5058.870000 12675.200000 6876.720000 57822.500000 355.000000  
        4501346.000000 5054.000000 12663.890000 6872.250000 57822.500000 355.000000  
        4510817.000000 5049.130000 12652.560000 6867.780000 57822.500000 355.000000  
        4520288.000000 5044.250000 12641.200000 6863.290000 57822.500000 355.000000  
        4529760.000000 5039.360000 12629.820000 6858.800000 57822.500000 355.000000  
        4539231.000000 5034.470000 12618.420000 6854.290000 57822.500000 355.000000  
        4548702.000000 5029.580000 12606.990000 6849.780000 57822.500000 355.000000  
        4558173.000000 5024.680000 12595.540000 6845.250000 57822.500000 355.000000  
        4567644.000000 5019.780000 12584.060000 6840.710000 57822.500000 355.000000  
        4577115.000000 5014.870000 12572.560000 6836.160000 57822.500000 355.000000  
        4586587.000000 5009.960000 12561.030000 6831.600000 57822.500000 355.000000  
        4596058.000000 5005.040000 12549.480000 6827.030000 57822.500000 355.000000  
        4605529.000000 5000.120000 12537.890000 6822.450000 57822.500000 355.000000  
        4615000.000000 4995.190000 12526.280000 6817.850000 57822.500000 355.000000  
        4624471.000000 4990.260000 12514.640000 6813.250000 57822.500000 355.000000  
        4633942.000000 4985.320000 12502.980000 6808.630000 57822.500000 355.000000  
        4643413.000000 4980.380000 12491.280000 6804.000000 57822.500000 355.000000  
        4652885.000000 4975.430000 12479.550000 6799.350000 57822.500000 355.000000  
        4662356.000000 4970.470000 12467.790000 6794.700000 57822.500000 355.000000  
        4671827.000000 4965.510000 12456.010000 6790.030000 57822.500000 355.000000  
        4681298.000000 4960.550000 12444.190000 6785.340000 57822.500000 355.000000  
        4690769.000000 4955.580000 12432.330000 6780.650000 57822.500000 355.000000  
        4700240.000000 4950.600000 12420.450000 6775.940000 57822.500000 355.000000  
        4709712.000000 4945.620000 12408.530000 6771.220000 57822.500000 355.000000  
        4719183.000000 4940.630000 12396.580000 6766.480000 57822.500000 355.000000  
        4728654.000000 4935.640000 12384.600000 6761.730000 57822.500000 355.000000  
        4738125.000000 4930.640000 12372.580000 6756.970000 57822.500000 355.000000  
        4747596.000000 4925.630000 12360.520000 6752.190000 57822.500000 355.000000  
        4757067.000000 4920.620000 12348.430000 6747.400000 57822.500000 355.000000  
        4766538.000000 4915.600000 12336.300000 6742.590000 57822.500000 355.000000  
        4776010.000000 4910.580000 12324.140000 6737.760000 57822.500000 355.000000  
        4785481.000000 4905.550000 12311.940000 6732.930000 57822.500000 355.000000  
        4794952.000000 4900.510000 12299.700000 6728.070000 57822.500000 355.000000  
        4804423.000000 4895.470000 12287.420000 6723.210000 57822.500000 355.000000  
        4813894.000000 4890.420000 12275.110000 6718.320000 57822.500000 355.000000  
        4823365.000000 4885.370000 12262.750000 6713.420000 57822.500000 355.000000  
        4832837.000000 4880.310000 12250.350000 6708.510000 57822.500000 355.000000  
        4842308.000000 4875.240000 12237.920000 6703.570000 57822.500000 355.000000  
        4851779.000000 4870.160000 12225.440000 6698.620000 57822.500000 355.000000  
        4861250.000000 4865.080000 12212.920000 6693.660000 57822.500000 355.000000  
        4870721.000000 4859.990000 12200.360000 6688.680000 57822.500000 355.000000  
        4880192.000000 4854.900000 12187.760000 6683.680000 57822.500000 355.000000  
        4889663.000000 4849.800000 12175.110000 6678.660000 57822.500000 355.000000  
        4899135.000000 4844.690000 12162.430000 6673.630000 57822.500000 355.000000  
        4908606.000000 4839.570000 12149.690000 6668.580000 57822.500000 355.000000  
        4918077.000000 4834.450000 12136.910000 6663.510000 57822.500000 355.000000  
        4927548.000000 4829.320000 12124.090000 6658.430000 57822.500000 355.000000  
        4937019.000000 4824.180000 12111.220000 6653.320000 57822.500000 355.000000  
        4946490.000000 4819.040000 12098.310000 6648.200000 57822.500000 355.000000  
        4955962.000000 4813.880000 12085.340000 6643.060000 57822.500000 355.000000  
        4965433.000000 4808.730000 12072.340000 6637.900000 57822.500000 355.000000  
        4974904.000000 4803.560000 12059.280000 6632.730000 57822.500000 355.000000  
        4984375.000000 4798.390000 12046.170000 6627.530000 57822.500000 355.000000  
        4993846.000000 4793.200000 12033.020000 6622.310000 57822.500000 355.000000  
        5003317.000000 4788.020000 12019.820000 6617.080000 57822.500000 355.000000  
        5012788.000000 4782.820000 12006.560000 6611.820000 57822.500000 355.000000  
        5022260.000000 4777.610000 11993.260000 6606.550000 57822.500000 355.000000  
        5031731.000000 4772.400000 11979.900000 6601.260000 57822.500000 355.000000  
        5041202.000000 4767.180000 11966.500000 6595.940000 57822.500000 355.000000  
        5050673.000000 4761.950000 11953.040000 6590.610000 57822.500000 355.000000  
        5060144.000000 4756.720000 11939.530000 6584.910000 57822.500000 355.000000  
        5069615.000000 4751.470000 11925.970000 6579.510000 57822.500000 355.000000  
        5079087.000000 4746.220000 11912.350000 6574.110000 57822.500000 355.000000  
        5088558.000000 4740.950000 11898.690000 6568.670000 57822.500000 355.000000  
        5098029.000000 4735.680000 11884.960000 6563.220000 57822.500000 355.000000  
        5107500.000000 4730.400000 11871.190000 6557.740000 57822.500000 355.000000  
        5116971.000000 4725.100000 11857.370000 6552.240000 57822.500000 355.000000  
        5126442.000000 4719.800000 11843.480000 6546.730000 57822.500000 355.000000  
        5135913.000000 4714.480000 11829.550000 6541.190000 57822.500000 355.000000  
        5145385.000000 4709.150000 11815.570000 6535.630000 57822.500000 355.000000  
        5154856.000000 4703.810000 11801.530000 6530.050000 57822.500000 355.000000  
        5164327.000000 4698.440000 11787.440000 6524.440000 57822.500000 355.000000  
        5173798.000000 4693.080000 11773.300000 6518.820000 57822.500000 355.000000  
        5183269.000000 4687.690000 11759.100000 6513.170000 57822.500000 355.000000  
        5192740.000000 4682.290000 11744.850000 6507.500000 57822.500000 355.000000  
        5202212.000000 4676.870000 11730.550000 6501.800000 57822.500000 355.000000  
        5211683.000000 4671.440000 11716.180000 6496.090000 57822.500000 355.000000  
        5221154.000000 4665.990000 11701.780000 6490.350000 57822.500000 355.000000  
        5230625.000000 4660.520000 11687.310000 6484.590000 57822.500000 355.000000  
        5240096.000000 4655.030000 11672.800000 6478.800000 57822.500000 355.000000  
        5249567.000000 4649.520000 11658.230000 6472.990000 57822.500000 355.000000  
        5259038.000000 4644.000000 11643.600000 6467.160000 57822.500000 355.000000  
        5268510.000000 4638.460000 11628.920000 6461.300000 57822.500000 355.000000  
        5277981.000000 4632.890000 11614.190000 6455.420000 57822.500000 355.000000  
        5287452.000000 4627.310000 11599.400000 6449.510000 57822.500000 355.000000  
        5296923.000000 4621.700000 11584.570000 6443.580000 57822.500000 355.000000  
        5306394.000000 4616.080000 11569.680000 6437.630000 57822.500000 355.000000  
        5315865.000000 4610.440000 11554.720000 6431.650000 57822.500000 355.000000  
        5325337.000000 4604.760000 11539.720000 6425.650000 57822.500000 355.000000  
        5334808.000000 4599.080000 11524.670000 6419.610000 57822.500000 355.000000  
        5344279.000000 4593.360000 11509.560000 6413.560000 57822.500000 355.000000  
        5353750.000000 4587.630000 11494.390000 6407.480000 57822.500000 355.000000  
        5363221.000000 4581.860000 11479.170000 6401.370000 57822.500000 355.000000  
        5372692.000000 4576.070000 11463.890000 6395.250000 57822.500000 355.000000  
        5382163.000000 4570.260000 11448.550000 6389.090000 57822.500000 355.000000  
        5391635.000000 4564.430000 11433.170000 6382.910000 57822.500000 355.000000  
        5401106.000000 4558.560000 11417.730000 6376.700000 57822.500000 355.000000  
        5410577.000000 4552.670000 11402.230000 6370.460000 57822.500000 355.000000  
        5420048.000000 4546.760000 11386.680000 6364.200000 57822.500000 355.000000  
        5429519.000000 4540.820000 11371.070000 6357.910000 57822.500000 355.000000  
        5438990.000000 4534.840000 11355.410000 6351.590000 57822.500000 355.000000  
        5448462.000000 4528.850000 11339.690000 6345.250000 57822.500000 355.000000  
        5457933.000000 4522.810000 11323.910000 6338.880000 57822.500000 355.000000  
        5467404.000000 4516.760000 11308.090000 6332.490000 57822.500000 355.000000  
        5476875.000000 4510.670000 11292.200000 6326.050000 57822.500000 355.000000  
        5486346.000000 4504.560000 11276.250000 6319.600000 57822.500000 355.000000  
        5495817.000000 4498.410000 11260.250000 6313.130000 57822.500000 355.000000  
        5505288.000000 4492.230000 11244.190000 6306.620000 57822.500000 355.000000  
        5514760.000000 4486.020000 11228.080000 6300.080000 57822.500000 355.000000  
        5524231.000000 4479.780000 11211.900000 6293.520000 57822.500000 355.000000  
        5533702.000000 4473.510000 11195.670000 6286.920000 57822.500000 355.000000  
        5543173.000000 4467.200000 11179.380000 6280.290000 57822.500000 355.000000  
        5552644.000000 4460.870000 11163.040000 6273.640000 57822.500000 355.000000  
        5562115.000000 4454.490000 11146.630000 6266.960000 57822.500000 355.000000  
        5571587.000000 4448.080000 11130.180000 6260.250000 57822.500000 355.000000  
        5581058.000000 4441.630000 11113.670000 6253.510000 57822.500000 355.000000  
        5590529.000000 4435.130000 11097.110000 6246.750000 57822.500000 355.000000  
        5600000.000000 4428.600000 11080.510000 6239.950000 57822.500000 355.000000  
        5600000.000000 4428.590000 11080.510000 6239.950000 57822.500000 355.000000  
        5607562.000000 4423.320000 11063.010000 6219.680000 57822.500000 355.000000  
        5615125.000000 4418.010000 11045.220000 6200.290000 57822.500000 355.000000  
        5622688.000000 4412.670000 11026.820000 6181.160000 57822.500000 355.000000  
        5630250.000000 4407.300000 11008.470000 6162.040000 57822.500000 355.000000  
        5637812.000000 4401.900000 10989.040000 6143.010000 57822.500000 355.000000  
        5645375.000000 4396.450000 10969.630000 6123.980000 57822.500000 355.000000  
        5652938.000000 4390.960000 10948.760000 6103.710000 57822.500000 355.000000  
        5660500.000000 4385.400000 10928.020000 6083.530000 57822.500000 355.000000  
        5668062.000000 4379.810000 10907.420000 6063.450000 57822.500000 355.000000  
        5675625.000000 4374.160000 10886.940000 6043.440000 57822.500000 355.000000  
        5683188.000000 4368.470000 10866.600000 6023.520000 57822.500000 355.000000  
        5690750.000000 4362.720000 10846.410000 6003.730000 57822.500000 355.000000  
        5698312.000000 4356.920000 10826.350000 5984.030000 57822.500000 355.000000  
        5705875.000000 4351.080000 10806.420000 5964.380000 57822.500000 355.000000  
        5713438.000000 4345.180000 10786.610000 5944.810000 57822.500000 355.000000  
        5721000.000000 4339.240000 10766.900000 5925.270000 57822.500000 355.000000  
        5721000.000000 4047.010000 10278.880000 5550.320000 943.000000 165.000000  
        5724572.000000 4042.500000 10261.870000 5541.200000 943.000000 165.000000  
        5728143.000000 4037.980000 10244.840000 5532.080000 943.000000 165.000000  
        5731714.000000 4033.480000 10227.820000 5522.960000 943.000000 165.000000  
        5735286.000000 4028.950000 10210.800000 5513.830000 943.000000 165.000000  
        5738857.000000 4024.450000 10193.780000 5504.710000 943.000000 165.000000  
        5742428.000000 4019.930000 10176.770000 5495.590000 943.000000 165.000000  
        5746000.000000 4015.420000 10159.740000 5486.470000 943.000000 165.000000  
        5749572.000000 4010.900000 10142.720000 5477.350000 943.000000 165.000000  
        5753143.000000 4006.380000 10125.710000 5468.220000 943.000000 165.000000  
        5756714.000000 4001.870000 10108.700000 5459.100000 943.000000 165.000000  
        5760286.000000 3997.350000 10091.680000 5449.970000 943.000000 165.000000  
        5763857.000000 3992.840000 10074.680000 5440.840000 943.000000 165.000000  
        5767428.000000 3988.320000 10057.680000 5431.710000 943.000000 165.000000  
        5771000.000000 3983.800000 10040.640000 5422.570000 943.000000 165.000000  
        5771000.000000 3983.800000 10040.670000 5422.590000 943.000000 165.000000  
        5777334.000000 3975.790000 10010.520000 5406.390000 943.000000 165.000000  
        5783666.000000 3967.770000 9980.510000 5390.300000 943.000000 165.000000  
        5790000.000000 3959.760000 9950.640000 5374.340000 943.000000 165.000000  
        5796334.000000 3951.750000 9920.910000 5358.520000 943.000000 165.000000  
        5802666.000000 3943.730000 9891.350000 5342.830000 943.000000 165.000000  
        5809000.000000 3935.710000 9861.960000 5327.310000 943.000000 165.000000  
        5815334.000000 3927.690000 9832.790000 5311.920000 943.000000 165.000000  
        5821666.000000 3919.670000 9803.790000 5296.730000 943.000000 165.000000  
        5828000.000000 3911.650000 9774.980000 5281.710000 943.000000 165.000000  
        5834334.000000 3903.610000 9746.410000 5266.860000 943.000000 165.000000  
        5840666.000000 3895.580000 9718.080000 5252.210000 943.000000 165.000000  
        5847000.000000 3887.560000 9689.960000 5237.780000 943.000000 165.000000  
        5853334.000000 3879.530000 9662.100000 5223.550000 943.000000 165.000000  
        5859666.000000 3871.500000 9634.470000 5209.540000 943.000000 165.000000  
        5866000.000000 3863.460000 9607.110000 5195.720000 943.000000 165.000000  
        5872334.000000 3855.420000 9579.970000 5182.100000 943.000000 165.000000  
        5878666.000000 3847.380000 9553.080000 5168.690000 943.000000 165.000000  
        5885000.000000 3839.330000 9526.380000 5155.420000 943.000000 165.000000  
        5891334.000000 3831.270000 9499.780000 5142.220000 943.000000 165.000000  
        5897666.000000 3823.220000 9473.250000 5129.050000 943.000000 165.000000  
        5904000.000000 3815.160000 9446.740000 5115.840000 943.000000 165.000000  
        5910334.000000 3807.090000 9420.190000 5102.550000 943.000000 165.000000  
        5916666.000000 3799.010000 9393.550000 5089.140000 943.000000 165.000000  
        5923000.000000 3790.940000 9366.750000 5075.500000 943.000000 165.000000  
        5929334.000000 3782.850000 9339.760000 5061.630000 943.000000 165.000000  
        5935666.000000 3774.780000 9312.500000 5047.460000 943.000000 165.000000  
        5942000.000000 3766.660000 9284.960000 5032.930000 943.000000 165.000000  
        5948334.000000 3758.560000 9257.040000 5018.030000 943.000000 165.000000  
        5954666.000000 3750.450000 9228.730000 5002.660000 943.000000 165.000000  
        5961000.000000 3742.340000 9199.940000 4986.770000 943.000000 165.000000  
        5961000.000000 3554.910000 8940.940000 4802.150000 943.000000 165.000000  
        5967334.000000 3551.000000 8930.610000 4798.230000 943.000000 165.000000  
        5973666.000000 3547.070000 8920.220000 4794.280000 943.000000 165.000000  
        5980000.000000 3543.160000 8909.680000 4790.380000 943.000000 165.000000  
        5986334.000000 3539.230000 8898.470000 4785.950000 943.000000 165.000000  
        5992666.000000 3535.320000 8886.280000 4780.830000 943.000000 165.000000  
        5999000.000000 3531.390000 8873.030000 4775.010000 943.000000 165.000000  
        6005334.000000 3527.460000 8858.580000 4768.450000 943.000000 165.000000  
        6011666.000000 3523.570000 8842.820000 4761.120000 943.000000 165.000000  
        6018000.000000 3519.670000 8825.640000 4752.970000 943.000000 165.000000  
        6024334.000000 3515.770000 8806.940000 4744.010000 943.000000 165.000000  
        6030666.000000 3511.910000 8786.670000 4734.250000 943.000000 165.000000  
        6037000.000000 3508.060000 8764.850000 4723.770000 943.000000 165.000000  
        6043334.000000 3504.210000 8741.490000 4712.700000 943.000000 165.000000  
        6049666.000000 3500.390000 8716.630000 4701.120000 943.000000 165.000000  
        6056000.000000 3496.580000 8690.300000 4689.110000 943.000000 165.000000  
        6062334.000000 3492.800000 8662.500000 4676.770000 943.000000 165.000000  
        6068666.000000 3489.050000 8633.280000 4664.200000 943.000000 165.000000  
        6075000.000000 3485.320000 8602.660000 4651.490000 943.000000 165.000000  
        6081334.000000 3481.610000 8570.810000 4638.690000 943.000000 165.000000  
        6087666.000000 3477.880000 8538.060000 4625.880000 943.000000 165.000000  
        6094000.000000 3474.160000 8504.660000 4613.070000 943.000000 165.000000  
        6100334.000000 3470.410000 8470.920000 4600.310000 943.000000 165.000000  
        6106666.000000 3466.590000 8437.130000 4587.670000 943.000000 165.000000  
        6113000.000000 3462.740000 8403.520000 4575.180000 943.000000 165.000000  
        6119334.000000 3458.780000 8370.420000 4562.880000 943.000000 165.000000  
        6125666.000000 3454.750000 8338.110000 4550.850000 943.000000 165.000000  
        6132000.000000 3450.610000 8306.250000 4539.080000 943.000000 165.000000  
        6138334.000000 3446.330000 8275.420000 4527.670000 943.000000 165.000000  
        6144666.000000 3441.910000 8241.770000 4516.650000 943.000000 165.000000  
        6151000.000000 3437.350000 8207.370000 4506.090000 943.000000 165.000000  
        6151000.000000 3437.340000 8207.010000 4506.000000 943.000000 70.000000  
        6157087.000000 3432.810000 8174.320000 4496.290000 943.000000 70.000000  
        6163174.000000 3428.150000 8141.990000 4487.000000 943.000000 70.000000  
        6169261.000000 3423.370000 8110.400000 4478.170000 943.000000 70.000000  
        6175348.000000 3418.470000 8079.710000 4469.830000 943.000000 70.000000  
        6181435.000000 3413.470000 8050.150000 4462.000000 943.000000 70.000000  
        6187522.000000 3408.350000 8021.890000 4454.690000 943.000000 70.000000  
        6193609.000000 3403.150000 7995.080000 4447.940000 943.000000 70.000000  
        6199696.000000 3397.870000 7969.970000 4441.760000 943.000000 70.000000  
        6205783.000000 3392.500000 7946.700000 4436.180000 943.000000 70.000000  
        6211870.000000 3387.070000 7925.450000 4431.200000 943.000000 70.000000  
        6217957.000000 3381.580000 7906.440000 4426.830000 943.000000 70.000000  
        6224043.000000 3376.030000 7889.800000 4423.120000 943.000000 70.000000  
        6230130.000000 3370.450000 7875.560000 4420.090000 943.000000 70.000000  
        6236217.000000 3364.870000 7863.640000 4417.810000 943.000000 70.000000  
        6242304.000000 3359.310000 7853.870000 4416.300000 943.000000 70.000000  
        6248391.000000 3353.790000 7846.170000 4415.670000 943.000000 70.000000  
        6254478.000000 3348.370000 7840.380000 4415.930000 943.000000 70.000000  
        6260565.000000 3343.030000 7836.390000 4417.150000 943.000000 70.000000  
        6266652.000000 3337.850000 7834.110000 4419.420000 943.000000 70.000000  
        6272739.000000 3332.830000 7833.380000 4422.780000 943.000000 70.000000  
        6278826.000000 3328.010000 7834.110000 4427.250000 943.000000 70.000000  
        6284913.000000 3323.390000 7836.110000 4432.880000 943.000000 70.000000  
        6291000.000000 3319.040000 7839.120000 4439.570000 943.000000 70.000000  
        6291000.000000 3319.030000 7839.370000 4439.740000 943.000000 191.000000  
        6294971.000000 3316.330000 7841.820000 4444.710000 943.000000 191.000000  
        6298943.000000 3313.750000 7844.770000 4450.280000 943.000000 191.000000  
        6302914.000000 3311.300000 7848.070000 4456.350000 943.000000 191.000000  
        6306886.000000 3308.970000 7851.720000 4462.890000 943.000000 191.000000  
        6310857.000000 3306.730000 7855.750000 4469.940000 943.000000 191.000000  
        6314829.000000 3304.580000 7860.140000 4477.400000 943.000000 191.000000  
        6318800.000000 3302.530000 7864.890000 4485.330000 943.000000 191.000000  
        6322771.000000 3300.550000 7870.010000 4493.690000 943.000000 191.000000  
        6326743.000000 3298.630000 7875.490000 4502.480000 943.000000 191.000000  
        6330714.000000 3296.790000 7881.330000 4511.660000 943.000000 191.000000  
        6334686.000000 3295.000000 7887.540000 4521.240000 943.000000 191.000000  
        6338657.000000 3293.250000 7894.130000 4531.230000 943.000000 191.000000  
        6342629.000000 3291.540000 7901.100000 4541.570000 943.000000 191.000000  
        6346600.000000 3289.840000 7908.240000 4552.080000 943.000000 191.000000  
        6346600.000000 2900.000000 6800.000000 3900.000000 57822.500000 300.000000  
        6347540.000000 2900.000000 6800.000000 3900.000000 57822.500000 300.000000  
        6348480.000000 2900.000000 6800.000000 3900.000000 57822.500000 300.000000  
        6349420.000000 2900.000000 6800.000000 3900.000000 57822.500000 300.000000  
        6350360.000000 2900.000000 6800.000000 3900.000000 57822.500000 300.000000  
        6351300.000000 2900.000000 6800.000000 3900.000000 57822.500000 300.000000  
        6352240.000000 2900.000000 6800.000000 3900.000000 57822.500000 300.000000  
        6353180.000000 2900.000000 6800.000000 3900.000000 57822.500000 300.000000  
        6354120.000000 2900.000000 6800.000000 3900.000000 57822.500000 300.000000  
        6355060.000000 2900.000000 6800.000000 3900.000000 57822.500000 300.000000  
        6356000.000000 2900.000000 6800.000000 3900.000000 57822.500000 300.000000  
        6356000.000000 2600.000000 5800.000000 3200.000000 57822.500000 300.000000  
        6357200.000000 2600.000000 5800.000000 3200.000000 57822.500000 300.000000  
        6358400.000000 2600.000000 5800.000000 3200.000000 57822.500000 300.000000  
        6359600.000000 2600.000000 5800.000000 3200.000000 57822.500000 300.000000  
        6360800.000000 2600.000000 5800.000000 3200.000000 57822.500000 300.000000  
        6362000.000000 2600.000000 5800.000000 3200.000000 57822.500000 300.000000  
        6363200.000000 2600.000000 5800.000000 3200.000000 57822.500000 300.000000  
        6364400.000000 2600.000000 5800.000000 3200.000000 57822.500000 300.000000  
        6365600.000000 2600.000000 5800.000000 3200.000000 57822.500000 300.000000  
        6366800.000000 2600.000000 5800.000000 3200.000000 57822.500000 300.000000  
        6371000.000000 2600.000000 5800.000000 3200.000000 57822.500000 300.000000  
